      [38;2;86;80;31m[48;2;111;113;33m▀[38;2;74;69;24m[48;2;135;139;54m▀[49m[38;2;100;101;52m▄                     [0m
      [38;2;77;75;17m▀ [38;2;108;116;61m▀[38;2;74;74;37m[48;2;126;126;69m▀[49m                    [0m
         [38;2;87;89;50m▀[38;2;83;83;47m[48;2;101;104;68m▀[49m                   [0m
          [38;2;100;104;77m[48;2;104;104;65m▀[49m                   [0m
          [38;2;106;103;45m[48;2;95;92;37m▀[49m                   [0m
         [38;2;79;79;45m[48;2;97;100;40m▀[49m[38;2;73;70;22m▀                   [0m
        [38;2;57;66;12m[48;2;93;120;0m▀[38;2;89;95;28m[48;2;67;75;13m▀[49m                    [0m
      [38;2;82;64;8m▄[38;2;67;108;1m[48;2;96;85;6m▀[38;2;71;126;0m[48;2;70;68;1m▀[38;2;57;96;3m[48;2;74;72;7m▀[49m[38;2;51;24;5m▄[38;2;65;45;0m▄[38;2;55;47;2m▄                 [0m
  [38;2;90;9;1m▄[38;2;175;1;0m▄[38;2;148;39;7m[48;2;167;0;1m▀[38;2;158;9;0m[48;2;163;0;5m▀[38;2;151;2;1m[48;2;163;0;0m▀[38;2;140;0;1m[48;2;165;1;1m▀[38;2;146;0;1m[48;2;162;1;2m▀[38;2;144;0;0m[48;2;158;1;0m▀[38;2;139;3;0m[48;2;155;0;0m▀[38;2;133;12;0m[48;2;152;0;0m▀[38;2;108;30;5m▀[49m[38;2;145;16;1m▄                [0m
 [38;2;132;4;2m▄[38;2;182;2;0m[48;2;174;0;0m▀[38;2;162;0;0m[48;2;162;1;0m▀[38;2;163;1;6m[48;2;164;1;4m▀[38;2;169;0;13m[48;2;165;0;0m▀[38;2;164;1;0m▀[38;2;161;1;0m[48;2;167;0;19m▀[38;2;159;0;0m[48;2;165;8;49m▀[38;2;155;0;0m[48;2;156;4;16m▀[38;2;150;3;6m[48;2;154;4;20m▀[38;2;145;1;1m[48;2;149;2;9m▀[38;2;139;1;0m[48;2;140;0;0m▀[38;2;141;0;0m[48;2;133;1;0m▀[38;2;149;16;0m[48;2;140;0;0m▀[49m[38;2;108;37;2m▄              [0m
 [38;2;158;3;1m[48;2;168;4;2m▀[38;2;166;0;0m[48;2;159;0;0m▀[38;2;166;1;17m[48;2;167;9;41m▀[38;2;168;6;24m[48;2;169;9;54m▀[38;2;166;0;13m[48;2;169;59;83m▀[38;2;169;4;53m[48;2;171;129;152m▀[38;2;169;64;111m[48;2;170;150;150m▀[38;2;169;106;141m[48;2;167;99;124m▀[38;2;156;14;36m[48;2;159;9;56m▀[38;2;151;6;13m[48;2;154;9;34m▀[38;2;156;35;63m[48;2;152;9;31m▀[38;2;140;0;0m[48;2;138;0;0m▀[38;2;131;2;1m[48;2;127;1;0m▀[38;2;131;0;0m[48;2;119;0;1m▀[38;2;136;34;1m[48;2;138;28;1m▀[49m              [0m
 [38;2;171;2;1m[48;2;172;2;0m▀[38;2;159;0;1m[48;2;160;0;9m▀[38;2;166;0;29m[48;2;168;2;66m▀[38;2;168;24;76m[48;2;166;5;53m▀[38;2;170;114;133m[48;2;167;20;73m▀[38;2;167;94;104m[48;2;160;0;17m▀[38;2;165;57;85m[48;2;156;0;0m▀[38;2;162;29;73m[48;2;158;0;23m▀[38;2;159;4;53m[48;2;155;2;28m▀[38;2;153;0;25m[48;2;148;0;7m▀[38;2;144;0;1m[48;2;140;0;0m▀[38;2;133;0;0m[48;2;130;0;2m▀[38;2;123;1;3m[48;2;124;1;2m▀[38;2;116;0;0m[48;2;119;0;0m▀[38;2;135;32;0m[48;2;134;36;0m▀[49m              [0m
 [38;2;171;2;0m[48;2;170;2;1m▀[38;2;159;0;5m[48;2;157;0;0m▀[38;2;167;6;78m[48;2;164;3;42m▀[38;2;166;6;73m[48;2;165;3;83m▀[38;2;166;15;78m[48;2;165;28;93m▀[38;2;161;4;29m[48;2;164;42;74m▀[38;2;163;31;48m[48;2;165;57;89m▀[38;2;160;17;41m[48;2;160;12;49m▀[38;2;154;0;19m[48;2;154;0;18m▀[38;2;148;1;7m[48;2;147;0;3m▀[38;2;138;0;0m[48;2;137;0;0m▀[38;2;130;0;0m[48;2;128;0;4m▀[38;2;125;1;0m[48;2;120;1;4m▀[38;2;119;0;0m[48;2;118;0;0m▀[38;2;134;43;0m[48;2;133;48;0m▀[49m              [0m
 [38;2;170;2;1m[48;2;169;2;1m▀[38;2;156;0;0m[48;2;155;0;0m▀[38;2;162;1;33m[48;2;162;0;46m▀[38;2;163;0;65m[48;2;163;11;86m▀[38;2;160;0;44m[48;2;164;62;103m▀[38;2;164;32;96m[48;2;164;39;95m▀[38;2;163;18;78m[48;2;158;0;36m▀[38;2;160;6;55m[48;2;153;2;18m▀[38;2;155;2;30m[48;2;151;2;17m▀[38;2;146;0;3m[48;2;143;0;0m▀[38;2;136;0;0m[48;2;133;0;0m▀[38;2;125;0;12m[48;2;122;0;18m▀[38;2;118;1;14m[48;2;118;1;13m▀[38;2;116;0;0m[48;2;116;0;0m▀[38;2;131;44;0m[48;2;130;27;0m▀[49m              [0m
 [38;2;168;2;0m[48;2;164;3;0m▀[38;2;155;0;2m[48;2;155;0;1m▀[38;2;161;0;34m[48;2;160;0;48m▀[38;2;162;16;84m[48;2;162;36;96m▀[38;2;164;78;118m[48;2;165;113;127m▀[38;2;163;52;102m[48;2;162;62;106m▀[38;2;157;2;37m[48;2;153;0;24m▀[38;2;151;0;12m[48;2;149;1;12m▀[38;2;146;1;4m[48;2;147;2;15m▀[38;2;140;0;1m[48;2;139;0;0m▀[38;2;132;0;0m[48;2;129;0;1m▀[38;2;121;0;19m[48;2;120;0;16m▀[38;2;116;0;6m[48;2;114;0;1m▀[38;2;117;0;0m[48;2;116;0;0m▀[38;2;130;13;0m[48;2;129;7;0m▀[49m[38;2;68;32;0m▄             [0m
 [38;2;162;4;1m[48;2;157;5;0m▀[38;2;154;0;0m[48;2;155;0;1m▀[38;2;159;3;39m[48;2;160;6;74m▀[38;2;161;35;100m[48;2;160;25;97m▀[38;2;162;78;114m[48;2;159;23;83m▀[38;2;157;30;71m[48;2;150;0;20m▀[38;2;148;0;1m[48;2;147;1;6m▀[38;2;146;0;2m[48;2;143;0;1m▀[38;2;143;0;3m[48;2;139;1;4m▀[38;2;136;0;0m[48;2;133;0;0m▀[38;2;126;0;2m[48;2;124;0;2m▀[38;2;118;0;11m[48;2;117;0;4m▀[38;2;112;0;0m[48;2;111;0;0m▀[38;2;114;0;0m[48;2;113;0;0m▀[38;2;129;8;0m[48;2;129;10;0m▀[49m[38;2;66;32;0m▀             [0m
 [38;2;145;10;1m[48;2;125;13;1m▀[38;2;157;0;2m[48;2;159;0;0m▀[38;2;161;43;95m[48;2;159;69;100m▀[38;2;160;41;94m[48;2;160;77;109m▀[38;2;152;0;41m[48;2;153;0;49m▀[38;2;153;4;46m[48;2;149;12;37m▀[38;2;148;0;20m[48;2;141;0;2m▀[38;2;138;0;0m[48;2;135;0;0m▀[38;2;139;13;20m[48;2;132;0;0m▀[38;2;131;2;2m[48;2;128;0;0m▀[38;2;123;0;0m[48;2;122;0;0m▀[38;2;116;0;0m[48;2;115;0;0m▀[38;2;109;1;0m[48;2;109;0;1m▀[38;2;114;0;0m[48;2;113;0;1m▀[38;2;127;27;0m[48;2;119;44;0m▀[49m              [0m
 [38;2;84;10;2m▀[38;2;165;0;0m[48;2;157;3;0m▀[38;2;153;35;66m[48;2;148;0;9m▀[38;2;160;75;112m[48;2;150;3;27m▀[38;2;146;0;16m[48;2;138;0;0m▀[38;2;138;1;0m[48;2;135;0;2m▀[38;2;135;0;0m[48;2;133;0;0m▀[38;2;133;0;0m[48;2;130;0;0m▀[38;2;130;0;0m[48;2;127;0;0m▀[38;2;126;0;0m[48;2;124;0;0m▀[38;2;121;0;0m[48;2;120;0;0m▀[38;2;113;0;0m[48;2;114;0;0m▀[38;2;107;0;0m[48;2;104;0;0m▀[38;2;115;1;0m[48;2;112;1;0m▀[38;2;122;22;1m[48;2;123;7;1m▀[49m[38;2;112;33;0m▄             [0m
  [38;2;111;8;0m▀[38;2;158;0;0m[48;2;156;5;1m▀[38;2;140;0;0m[48;2;141;0;1m▀[38;2;138;0;1m[48;2;137;0;0m▀[38;2;134;0;1m[48;2;134;0;0m▀[38;2;131;0;0m[48;2;130;0;0m▀[38;2;128;0;1m[48;2;127;0;1m▀[38;2;126;0;0m[48;2;124;0;0m▀[38;2;122;0;0m[48;2;119;0;0m▀[38;2;119;0;0m[48;2;118;0;0m▀[38;2;114;0;0m[48;2;115;0;0m▀[38;2;108;0;0m[48;2;110;0;0m▀[38;2;107;0;1m[48;2;100;0;0m▀[38;2;123;2;0m[48;2;110;0;0m▀[38;2;130;41;0m[48;2;122;0;0m▀[38;2;122;65;0m[48;2;129;15;0m▀[49m[38;2;137;34;0m▄[38;2;93;50;0m▄          [0m
   [38;2;89;10;1m▀[38;2;158;0;0m[48;2;127;7;1m▀[38;2;134;0;0m[48;2;147;0;0m▀[48;2;130;0;0m▀[38;2;129;0;0m[48;2;129;0;0m▀[38;2;126;0;0m[48;2;126;0;0m▀[38;2;123;0;0m[48;2;122;0;0m▀[38;2;117;0;0m[48;2;119;0;0m▀[38;2;118;0;0m[48;2;116;0;0m▀[38;2;114;0;0m[48;2;112;0;0m▀[38;2;109;0;0m[48;2;107;0;0m▀[38;2;102;0;0m[48;2;104;0;0m▀[38;2;97;0;0m[48;2;100;0;0m▀[38;2;106;0;0m[48;2;95;0;0m▀[38;2;116;0;0m[48;2;98;1;0m▀[38;2;122;0;0m[48;2;108;1;0m▀[38;2;135;8;0m[48;2;117;0;0m▀[38;2;131;41;0m[48;2;125;0;0m▀[38;2;68;38;3m[48;2;135;16;0m▀[49m[38;2;116;43;1m▄       [0m
     [38;2;139;4;1m▀[38;2;141;0;0m[48;2;134;6;2m▀[38;2;126;0;0m[48;2;142;0;0m▀[48;2;124;0;0m▀[38;2;121;0;0m[48;2;123;0;0m▀[38;2;116;0;0m[48;2;119;0;0m▀[38;2;114;0;0m[48;2;116;0;0m▀[38;2;112;0;0m[48;2;113;0;0m▀[38;2;108;0;0m[48;2;109;0;0m▀[38;2;105;0;0m[48;2;106;0;0m▀[38;2;101;0;0m[48;2;101;0;0m▀[38;2;96;0;0m[48;2;96;0;0m▀[38;2;93;0;0m[48;2;93;0;0m▀[38;2;92;0;0m[48;2;92;0;0m▀[38;2;98;0;0m▀[38;2;109;1;0m▀[38;2;117;0;0m[48;2;98;1;0m▀[38;2;127;0;0m[48;2;106;0;0m▀[38;2;136;10;0m[48;2;111;0;0m▀[38;2;129;8;0m[48;2;120;0;0m▀[38;2;96;9;0m[48;2;131;0;0m▀[49m[38;2;137;3;1m▄[38;2;144;6;2m▄[38;2;97;10;1m▄ [0m
       [38;2;112;11;4m▀[38;2;142;0;0m[48;2;95;13;6m▀[38;2;121;0;0m[48;2;144;2;1m▀[38;2;119;0;0m[48;2;126;0;0m▀[38;2;117;0;0m[48;2;117;0;0m▀[38;2;114;0;1m[48;2;114;0;0m▀[38;2;112;0;0m[48;2;112;0;0m▀[38;2;108;0;0m[48;2;110;0;2m▀[38;2;102;0;0m[48;2;102;0;0m▀[38;2;97;0;0m[48;2;100;0;0m▀[38;2;93;0;0m[48;2;95;0;0m▀[38;2;91;0;0m[48;2;92;0;0m▀[38;2;92;0;0m[48;2;90;0;0m▀[48;2;88;0;0m▀[38;2;90;0;0m▀[38;2;89;0;0m[48;2;87;0;0m▀[38;2;91;0;0m[48;2;86;0;0m▀[38;2;96;1;0m[48;2;81;0;0m▀[38;2;99;0;0m[48;2;85;0;0m▀[38;2;107;5;6m[48;2;102;1;0m▀[38;2;136;11;12m[48;2;80;3;0m▀[49m[38;2;88;2;0m▀ [0m
          [38;2;134;7;2m▀[38;2;139;0;5m[48;2;88;13;13m▀[38;2;126;0;20m[48;2;128;8;35m▀[38;2;115;0;6m[48;2;138;7;36m▀[38;2;108;0;2m[48;2;130;2;17m▀[38;2;100;0;0m[48;2;114;0;0m▀[48;2;101;0;0m▀[38;2;95;0;0m[48;2;94;0;0m▀[38;2;91;0;0m[48;2;88;0;0m▀[38;2;88;0;0m[48;2;83;0;0m▀[38;2;86;0;0m[48;2;78;0;0m▀[38;2;84;0;0m[48;2;75;0;0m▀[38;2;79;0;0m[48;2;74;0;0m▀[38;2;71;0;0m[48;2;77;1;0m▀[48;2;73;8;0m▀[49m[38;2;82;3;0m▀    [0m
              [38;2;66;11;6m▀[38;2;80;6;2m▀[38;2;93;4;0m▀[38;2;98;5;1m▀[38;2;91;3;0m▀[38;2;85;3;0m▀[38;2;79;4;0m▀[38;2;74;8;0m▀[38;2;60;8;0m▀       [0m
